$ANSIBLE_VAULT;1.1;AES256
30353539646339306439373965306538356533383437316636646239313932303062343237303632
3736393662636365376561313431373466313564386435640a636537393661376439363766373062
63323433663263623663353539663237663431396237313536303932396564323162363061396333
3163376530346538650a313633396539333637383165346138626330343838646438363337646638
31396161396662626431376636373638303733343630373564616533303332663033316530383935
36363465386431386461613330646361653665366365613037636638343362306131333463663862
66356531373133306434336430663535613235633763343733656132636330326462666134653766
66366330653330343738653464633962616261626432376335323864313264353134363361643965
32396635613666613336396332323834663033643236653736323831366437306333336338386139
65616464616466636633323836313963613739643036626164656261643536383866663765633636
31313562333230623962323239363638636239663736356439633430326166313331343438643564
33343936663464663635393937653263323833373766323165356435326139313265646165393665
61396666353466613466623362343665336634666639356130653563643664656536643833323330
34366662383735366563376432333032393939613962363763333732616333313937663366303933
62326432366564323937316539353061666432326364366536366231323538383830653734373631
36313736636334303830316239616564653564356431376163663131343932333436373361326264
62663831323038383138323135633234373737663135626664653034346365643464396331383637
31653437333866313762326436303034346162336165636366366166333834646330633566333631
61396564306264353635326537383131343261666665613262383365326363313766303863383039
63313764663965643635303438646332303133396166306138323033363132303238653338633332
32663639356538663161656635396634616135383634316538343835663638356439643562346136
38333437636139636663393238643636393830303538306261316236646564396233376237343830
35313932313538633533643665346537626335363335613662633931303938366637353834303366
66323661383031303461613734323130633832376632643833653861376433663661356564366430
38373233333134326266663239313664633636633162303565366264616331363034633137303836
34393865333861373564376134373165386364623362306461356262333736376535383231613236
34643865383833366237333961636331393739663439303230336666346538343861363338343435
63393436636338616361323161353637353166333263306635316463376361646161633932383933
31663037636563326431363332306435373163616330326533656134393934633263
